738376019361039
788478594342023
722735270930020
674248229114860
669519609588240
761205430408356
718308941371803
751240841405741
669922622882156
775785938952124
809476495572025
707680675770274
750001444865870
717514968117912
681341401739399
674240469105456

665465069986822
641968802339968
671539379376770
705155369342563
599362559936524
644737195395459
711052342083682
714745658378271
664231416778656
706825575838581
627613497109401
677053778822176
650201404848412
673149052556671
702640706261060
648239131710811
627037273835265
665985926600100
618771681328526
693163750543626
692367593955754
648682715003376
611252865414219
691043477423716
691958450661004
652368047964966
678257628710907
688688564323487
667089206487831
707117032479653
641280539075384
706828752507261
604193499454295
637091426162880
